0.410000	0.010000	0.520000	0.060000
0.270000	0.000000	0.520000	0.210000
0.150000	0.240000	0.490000	0.120000
0.540000	0.000000	0.280000	0.180000
0.180000	0.000000	0.550000	0.270000
0.390000	0.000000	0.520000	0.090000
0.300000	0.000000	0.580000	0.120000
0.300000	0.260000	0.430000	0.010000
0.660000	0.190000	0.000000	0.150000
0.230000	0.000000	0.510000	0.260000
0.270000	0.090000	0.570000	0.070000
0.100000	0.560000	0.340000	0.000000
0.890000	0.000000	0.000000	0.110000
0.330000	0.000000	0.670000	0.000000
0.110000	0.070000	0.700000	0.120000
