0.029412	0.544118	0.147059	0.279412
0.073529	0.455882	0.058824	0.411765
0.338235	0.117647	0.000000	0.544118
0.073529	0.088235	0.014706	0.823529
0.132353	0.014706	0.044118	0.808824
0.058824	0.294118	0.573529	0.073529
0.455882	0.000000	0.044118	0.500000
0.264706	0.279412	0.191176	0.264706
0.911765	0.014706	0.014706	0.058824
0.029412	0.000000	0.044118	0.926471
0.000000	0.000000	0.911765	0.088235
0.000000	0.500000	0.132353	0.367647
0.691176	0.000000	0.000000	0.308824
0.691176	0.029412	0.264706	0.014706
0.911765	0.000000	0.029412	0.058824
0.191176	0.014706	0.132353	0.661765
